2015  12    2015.958      401.85      401.85      402.51     30
2016   1    2016.042      402.56      402.56      402.27     27
2016   2    2016.125      404.12      404.12      403.31     25
2016   3    2016.208      404.87      404.87      403.39     28
2016   4    2016.292      407.45      407.45      404.63     25
2016   5    2016.375      407.72      407.72      404.27     29
2016   6    2016.458      406.83      406.83      404.49     26
2016   7    2016.542      404.41      404.41      404.07     28
2016   8    2016.625      402.27      402.27      404.18     23
2016   9    2016.708      401.05      401.05      404.59     24
2016  10    2016.792      401.59      401.59      404.97     29
2016  11    2016.875      403.55      403.55      405.55     27
2016  12    2016.958      404.45      404.45      405.13     30
2017   1    2017.042      406.17      406.17      405.88     26
2017   2    2017.125      406.46      406.46      405.65     26
2017   3    2017.208      407.22      407.22      405.74     23
2017   4    2017.292      409.04      409.04      406.22     25
2017   5    2017.375      409.69      409.69      406.24     27
2017   6    2017.458      408.88      408.88      406.54     26
2017   7    2017.542      407.12      407.12      406.79     28
2017   8    2017.625      405.13      405.13      407.04     29
2017   9    2017.708      403.37      403.37      406.91     26
2017  10    2017.792      403.63      403.63      407.00     27
2017  11    2017.875      405.12      405.12      407.12     26
2017  12    2017.958      406.81      406.81      407.49     31
2018   1    2018.042      407.96      407.96      407.67     29
2018   2    2018.125      408.32      408.32      407.52     28
2018   3    2018.208      409.41      409.41      407.93     30
2018   4    2018.292      410.24      410.24      407.42     21
2018   5    2018.375      411.23      411.23      407.79     24
2018   6    2018.458      410.79      410.79      408.45     29
2018   7    2018.542      408.71      408.71      408.37     27
2018   8    2018.625      406.99      406.99      408.90     30
2018   9    2018.708      405.51      405.51      409.05     29
2018  10    2018.792      406.00      406.00      409.38     30
2018  11    2018.875      408.02      408.02      410.02     24
2018  12    2018.958      409.07      409.07      409.75     30
2019   1    2019.042      410.83      410.83      410.54     27
2019   2    2019.125      411.75      411.75      410.94     27
2019   3    2019.208      411.97      411.97      410.49     28
2019   4    2019.292      413.32      413.32      410.49     26
2019   5    2019.375      414.66      414.66      411.21     28
2019   6    2019.458      413.92      413.92      411.58     27
2019   7    2019.542      411.77      411.77      411.43     23
2019   8    2019.625      409.95      409.95      411.86     29
2019   9    2019.708      408.54      408.54      412.08     29
2019  10    2019.792      408.53      408.53      411.96     30
2019  11    2019.875      410.27      410.27      412.27     25
2019  12    2019.958      411.76      411.76      412.44     31
2020   1    2020.042      413.40      413.40      413.08     29
2020   2    2020.125      414.11      414.11      413.25     28
2020   3    2020.208      414.50      414.50      413.03     26
