  2017  12  31  2017.9986    407.37  7           405.81    384.75    127.40
  2018   1   7  2018.0178    408.14  6           406.06    384.41    127.96
  2018   1  14  2018.0370    407.89  7           406.13    385.94    127.53
  2018   1  21  2018.0562    408.27  6           406.88    386.22    127.77
  2018   1  28  2018.0753    407.88  7           406.06    386.58    127.24
  2018   2   4  2018.0945    408.20  7           406.14    386.03    127.46
  2018   2  11  2018.1137    408.37  7           405.97    385.92    127.54
  2018   2  18  2018.1329    408.45  7           406.77    385.19    127.54
  2018   2  25  2018.1521    408.90  7           407.39    385.29    127.87
  2018   3   4  2018.1712    409.83  7           406.60    385.95    128.65
  2018   3  11  2018.1904    408.84  7           407.10    385.65    127.46
  2018   3  18  2018.2096    409.12  7           406.62    385.92    127.49
  2018   3  25  2018.2288    410.03  6           408.31    386.77    128.10
  2018   4   1  2018.2479    409.20  7           407.76    388.39    126.92
  2018   4   8  2018.2671    409.45  4           408.64    386.62    126.82
  2018   4  15  2018.2863    411.05  2           409.57    386.55    128.09
  2018   4  22  2018.3055    411.67  6           409.97    387.45    128.42
  2018   4  29  2018.3247    409.62  5           409.06    387.20    126.17
  2018   5   6  2018.3438    411.06  4           409.48    388.77    127.48
  2018   5  13  2018.3630    411.85  7           410.17    388.88    128.28
  2018   5  20  2018.3822    411.45  5           410.03    388.83    127.99
  2018   5  27  2018.4014    411.39  7           409.59    388.64    128.15
  2018   6   3  2018.4205    410.94  7           409.76    388.41    128.00
  2018   6  10  2018.4397    411.16  7           409.53    387.54    128.60
  2018   6  17  2018.4589    410.36  6           408.37    387.71    128.22
  2018   6  24  2018.4781    410.57  7           407.92    387.33    128.88
  2018   7   1  2018.4973    409.38  5           407.91   -999.99    128.16
  2018   7   8  2018.5164    409.16  6           407.04   -999.99    128.43
  2018   7  15  2018.5356    408.54  7           406.92   -999.99    128.31
  2018   7  22  2018.5548    408.28  7           406.78    385.96    128.57
  2018   7  29  2018.5740    407.46  6           406.49    385.07    128.26
  2018   8   5  2018.5932    407.23  7           405.55    385.09    128.56
  2018   8  12  2018.6123    407.07  7           405.39    383.90    128.93
  2018   8  19  2018.6315    406.84  7           404.53    383.57    129.21
  2018   8  26  2018.6507    406.26  6           404.30    383.28    129.09
  2018   9   2  2018.6699    405.47  7           403.92    383.48    128.71
  2018   9   9  2018.6890    405.39  7           403.58    383.05    128.95
  2018   9  16  2018.7082    405.69  7           403.16    383.32    129.46
  2018   9  23  2018.7274    405.54  6           402.80    383.02    129.40
  2018   9  30  2018.7466    405.50  7           402.91    382.77    129.33
  2018  10   7  2018.7658    405.58  7           403.38    382.78    129.28
  2018  10  14  2018.7849    406.00  6           403.81    382.92    129.47
  2018  10  21  2018.8041    406.62  7           404.04    383.04    129.78
  2018  10  28  2018.8233    406.48  6           404.07    383.96    129.28
  2018  11   4  2018.8425    406.99  5           404.26    383.80    129.43
  2018  11  11  2018.8616    408.72  5           404.89    384.15    130.79
  2018  11  18  2018.8808    408.60  6           406.04    384.42    130.32
  2018  11  25  2018.9000    408.38  7           406.27    384.48    129.77
  2018  12   2  2018.9192    408.49  6           406.82    385.11    129.57
  2018  12   9  2018.9384    409.40  7           406.28    385.39    130.20
  2018  12  16  2018.9575    409.30  7           406.89    385.56    129.83
  2018  12  23  2018.9767    409.13  7           407.22    385.98    129.41
  2018  12  30  2018.9959    409.60  7           407.39    386.25    129.66
  2019   1   6  2019.0151    410.67  6           407.85    386.41    130.52
  2019   1  13  2019.0342    410.35  4           408.00    387.14    130.02
  2019   1  20  2019.0534    411.98  6           408.31    387.16    131.49
  2019   1  27  2019.0726    411.02  7           407.95    387.57    130.40
  2019   2   3  2019.0918    411.62  7           407.81    386.99    130.90
  2019   2  10  2019.1110    412.40  6           408.55    387.17    131.59
  2019   2  17  2019.1301    410.98  7           408.45    387.61    130.07
  2019   2  24  2019.1493    412.40  7           408.78    388.42    131.39
  2019   3   3  2019.1685    412.16  7           409.78    388.97    131.00
  2019   3  10  2019.1877    412.16  7           409.02    388.71    130.81
  2019   3  17  2019.2068    411.82  7           409.06    388.28    130.23
  2019   3  24  2019.2260    411.32  4           409.90    389.31    129.43
  2019   3  31  2019.2452    412.19  6           409.15    389.13    129.96
  2019   4   7  2019.2644    413.14  6           409.46    389.50    130.56
  2019   4  14  2019.2836    413.60  7           410.99    388.66    130.69
  2019   4  21  2019.3027    413.77  6           411.70    389.94    130.56
  2019   4  28  2019.3219    414.29  6           409.84    390.36    130.85
  2019   5   5  2019.3411    414.32  7           410.77    389.79    130.76
  2019   5  12  2019.3603    415.40  6           411.84    390.12    131.82
  2019   5  19  2019.3795    414.74  6           411.44    390.53    131.26
  2019   5  26  2019.3986    414.30  7           411.58    390.15    131.02
  2019   6   2  2019.4178    414.39  6           410.86    390.06    131.40
  2019   6   9  2019.4370    414.08  6           411.22    390.17    131.46
  2019   6  16  2019.4562    413.86  7           410.38    389.20    131.65
  2019   6  23  2019.4753    413.41  6           410.73    388.54    131.66
  2019   6  30  2019.4945    413.42  7           409.57    388.63    132.14
  2019   7   7  2019.5137    412.06  7           409.07    388.48    131.26
  2019   7  14  2019.5329    412.14  3           408.58    388.20    131.84
  2019   7  21  2019.5521    410.84  5           408.36    387.66    131.05
  2019   7  28  2019.5712    410.06  7           407.55    387.28    130.79
  2019   8   4  2019.5904    410.34  7           407.33    387.07    131.60
  2019   8  11  2019.6096    410.27  7           407.07    385.95    132.05
  2019   8  18  2019.6288    409.57  6           406.90    385.71    131.87
  2019   8  25  2019.6479    409.44  6           406.48    385.78    132.22
  2019   9   1  2019.6671    408.81  7           405.50    385.11    132.00
  2019   9   8  2019.6863    408.59  7           405.31    384.69    132.11
  2019   9  15  2019.7055    408.50  6           405.67    384.59    132.25
  2019   9  22  2019.7247    408.32  7           405.63    384.73    132.17
  2019   9  29  2019.7438    407.96  7           405.49    383.85    131.80
  2019  10   6  2019.7630    408.38  7           405.50    384.06    132.10
  2019  10  13  2019.7822    408.62  7           405.99    384.45    132.12
  2019  10  20  2019.8014    408.72  5           406.61    384.74    131.93
  2019  10  27  2019.8205    409.29  6           406.43    385.06    132.15
  2019  11   3  2019.8397    409.90  6           406.99    385.42    132.39
  2019  11  10  2019.8589    410.19  6           408.91    385.76    132.32
  2019  11  17  2019.8781    410.19  6           408.52    386.36    131.95
  2019  11  24  2019.8973    410.72  7           408.42    386.51    132.16
  2019  12   1  2019.9164    411.07  7           408.47    387.08    132.19
  2019  12   8  2019.9356    411.32  7           409.22    386.90    132.16
  2019  12  15  2019.9548    411.89  7           409.32   -999.99    132.45
  2019  12  22  2019.9740    412.21  7           409.24    388.17    132.53
  2019  12  29  2019.9932    412.99  6           409.55    388.67    133.07
  2020   1   5  2020.0123    413.38  7           409.93    388.21    133.25
  2020   1  12  2020.0314    412.80  6           410.68    388.41    132.49
  2020   1  19  2020.0505    413.66  7           412.19    388.27    133.19
  2020   1  26  2020.0697    414.03  7           411.05    389.37    133.44
  2020   2   2  2020.0888    414.30  7           411.10    390.67    133.60
  2020   2   9  2020.1079    414.40  6           412.70    390.32    133.61
  2020   2  16  2020.1270    414.06  7           411.22    390.45    133.17
  2020   2  23  2020.1462    413.72  7           412.25    388.72    132.73
  2020   3   1  2020.1653    413.86  7           411.92    391.38    132.74
  2020   3   8  2020.1844    414.11  6           412.57    391.27    132.80
  2020   3  15  2020.2036    414.28  6           411.77    391.23    132.73
  2020   3  22  2020.2227    415.52  4           411.26    390.77    133.69
  2020   3  29  2020.2418    415.75  6           412.37    391.47    133.58
  2020   4   5  2020.2609    416.45  7           412.67    391.12    133.94
